0.000000 0.085397 
0.031416 0.187305 
0.062832 0.296814 
0.094248 0.412384 
0.125664 0.533158 
0.157080 0.658536 
0.188496 0.788047 
0.219911 0.921290 
0.251327 1.057913 
0.282743 1.197592 
0.314159 1.340024 
0.345575 1.484926 
0.376991 1.632022 
0.408407 1.781050 
0.439823 1.931757 
0.471239 2.083895 
0.502655 2.237227 
0.534071 2.391521 
0.565487 2.546553 
0.596903 2.702106 
0.628319 2.857972 
0.659735 3.013950 
0.691151 3.169845 
0.722566 3.325472 
0.753982 3.480655 
0.785398 3.635226 
0.816814 3.789023 
0.848230 3.941898 
0.879646 4.093709 
0.911062 4.244323 
0.942478 4.393616 
0.973894 4.541475 
1.005310 4.687795 
1.036726 4.832479 
1.068142 4.975441 
1.099558 5.116602 
1.130974 5.255894 
1.162390 5.393254 
1.193806 5.528629 
1.225222 5.661976 
1.256637 5.793256 
1.288053 5.922439 
1.319469 6.049502 
1.350885 6.174429 
1.382301 6.297211 
1.413717 6.417843 
1.445133 6.536328 
1.476549 6.652673 
1.507965 6.766890 
1.539381 6.878995 
1.570797 6.989012 
1.602213 7.096964 
1.633629 7.202881 
1.665045 7.306796 
1.696461 7.408744 
1.727877 7.508764 
1.759292 7.606896 
1.790708 7.703185 
1.822124 7.797674 
1.853540 7.890411 
1.884956 7.981445 
1.916372 8.070826 
1.947788 8.158605 
1.979204 8.244834 
2.010620 8.329566 
2.042036 8.412855 
2.073452 8.494756 
2.104868 8.575323 
2.136284 8.654612 
2.167700 8.732677 
2.199116 8.809574 
2.230531 8.885360 
2.261947 8.960089 
2.293363 9.033817 
2.324779 9.106601 
2.356195 9.178495 
2.387611 9.249557 
2.419027 9.319839 
2.450443 9.389400 
2.481859 9.458292 
2.513275 9.526573 
2.544691 9.594297 
2.576107 9.661520 
2.607523 9.728297 
2.638939 9.794683 
2.670355 9.860735 
2.701771 9.926507 
2.733186 9.992056 
2.764602 10.057438 
2.796018 10.122710 
2.827434 10.187929 
2.858850 10.253154 
2.890266 10.318442 
2.921682 10.383853 
2.953098 10.449447 
2.984514 10.515285 
3.015930 10.581429 
3.047346 10.647943 
3.078762 10.714892 
3.110178 10.782342 
3.141594 10.850360 
3.173010 10.919016 
3.204426 10.988380 
3.235842 11.058528 
3.267257 11.129534 
3.298673 11.201475 
3.330089 11.274433 
3.361505 11.348491 
3.392921 11.423734 
3.424337 11.500251 
3.455753 11.578135 
3.487169 11.657482 
3.518585 11.738391 
3.550001 11.820966 
3.581417 11.905313 
3.612833 11.991547 
3.644249 12.079782 
3.675665 12.170139 
3.707081 12.262747 
3.738497 12.357736 
3.769912 12.455243 
3.801328 12.555412 
3.832744 12.658393 
3.864160 12.764341 
3.895576 12.873420 
3.926992 12.985798 
3.958408 13.101653 
3.989824 13.221170 
4.021240 13.344542 
4.052656 13.471967 
4.084072 13.603655 
4.115488 13.739824 
4.146904 13.880701 
4.178319 14.026521 
4.209735 14.177527 
4.241151 14.333977 
4.272567 14.496132 
4.303983 14.664268 
4.335399 14.838668 
4.366815 15.019627 
4.398231 15.207449 
4.429647 15.402449 
4.461063 15.604951 
4.492479 15.815289 
4.523895 16.033810 
4.555311 16.260866 
4.586727 16.496822 
4.618143 16.742052 
4.649559 16.996937 
4.680974 17.261866 
4.712390 17.537237 
4.743806 17.823456 
4.775222 18.120932 
4.806638 18.430082 
4.838054 18.751328 
4.869470 19.085093 
4.900886 19.431805 
4.932302 19.791889 
4.963718 20.165773 
4.995134 20.553883 
5.026550 20.956638 
5.057966 21.374456 
5.089382 21.807747 
5.120798 22.256908 
5.152214 22.722330 
5.183630 23.204390 
5.215045 23.703445 
5.246461 24.219841 
5.277877 24.753901 
5.309293 25.305923 
5.340709 25.876186 
5.372125 26.464939 
5.403541 27.072403 
5.434957 27.698765 
5.466373 28.344177 
5.497789 29.008760 
5.529205 29.692591 
5.560621 30.395708 
5.592037 31.118107 
5.623453 31.859739 
5.654869 32.620510 
5.686285 33.400272 
5.717700 34.198837 
5.749116 35.015961 
5.780532 35.851349 
5.811948 36.704659 
5.843364 37.575489 
5.874780 38.463394 
5.906196 39.367874 
5.937612 40.288376 
5.969028 41.224297 
6.000444 42.174988 
6.031860 43.139751 
6.063276 44.117844 
6.094692 45.108479 
6.126108 46.110828 
6.157524 47.124023 
6.188940 48.147167 
6.220356 49.179325 
6.251771 50.219532 
6.283187 51.266804 
6.314603 52.320129 
6.346019 53.378487 
6.377435 54.440834 
6.408851 55.506123 
6.440267 56.573299 
6.471683 57.641308 
6.503099 58.709099 
6.534515 59.775631 
6.565931 60.839870 
6.597347 61.900799 
6.628763 62.957420 
6.660179 64.008766 
6.691595 65.053879 
6.723011 66.091843 
6.754426 67.121773 
6.785842 68.142822 
6.817258 69.154175 
6.848674 70.155060 
6.880090 71.144745 
6.911506 72.122543 
6.942922 73.087814 
6.974338 74.039963 
7.005754 74.978447 
7.037170 75.902756 
7.068586 76.812447 
7.100002 77.707108 
7.131418 78.586380 
7.162834 79.449959 
7.194250 80.297577 
7.225666 81.129013 
7.257082 81.944099 
7.288497 82.742699 
7.319913 83.524727 
7.351329 84.290131 
7.382745 85.038895 
7.414161 85.771049 
7.445577 86.486649 
7.476993 87.185783 
7.508409 87.868584 
7.539825 88.535194 
7.571241 89.185791 
7.602657 89.820580 
7.634073 90.439789 
7.665489 91.043655 
7.696905 91.632446 
7.728321 92.206444 
7.759737 92.765945 
7.791152 93.311264 
7.822568 93.842712 
7.853984 94.360626 
7.885400 94.865341 
7.916816 95.357208 
7.948232 95.836571 
7.979648 96.303795 
8.011064 96.759232 
8.042480 97.203247 
8.073895 97.636200 
8.105311 98.058456 
8.136727 98.470375 
8.168143 98.872314 
8.199559 99.264626 
8.230975 99.647675 
8.262391 100.021805 
8.293807 100.387367 
8.325223 100.744698 
8.356639 101.094139 
8.388055 101.436028 
8.419471 101.770691 
8.450887 102.098450 
8.482303 102.419617 
8.513719 102.734512 
8.545135 103.043434 
8.576550 103.346687 
8.607966 103.644569 
8.639382 103.937370 
8.670798 104.225372 
8.702214 104.508858 
8.733630 104.788101 
8.765046 105.063370 
8.796462 105.334930 
8.827878 105.603043 
8.859294 105.867966 
8.890710 106.129951 
8.922126 106.389252 
8.953542 106.646118 
8.984958 106.900787 
9.016374 107.153511 
9.047790 107.404518 
9.079206 107.654053 
9.110621 107.902351 
9.142037 108.149651 
9.173453 108.396187 
9.204869 108.642189 
9.236285 108.887901 
9.267701 109.133553 
9.299117 109.379387 
9.330533 109.625633 
9.361949 109.872543 
9.393365 110.120354 
9.424781 110.369316 
9.456197 110.619675 
9.487613 110.871689 
9.519029 111.125618 
9.550445 111.381721 
9.581861 111.640274 
9.613276 111.901543 
9.644692 112.165817 
9.676108 112.433388 
9.707524 112.704552 
9.738940 112.979614 
9.770356 113.258888 
9.801772 113.542702 
9.833188 113.831390 
9.864604 114.125305 
9.896020 114.424805 
9.927436 114.730255 
9.958852 115.042046 
9.990268 115.360580 
