0.031416 3.243821 
0.062832 3.485772 
0.094248 3.678702 
0.125664 3.844354 
0.157080 3.990917 
0.188496 4.122451 
0.219911 4.241275 
0.251327 4.348839 
0.282743 4.446111 
0.314159 4.533778 
0.345575 4.612349 
0.376991 4.682220 
0.408407 4.743721 
0.439823 4.797133 
0.471239 4.842712 
0.502655 4.880698 
0.534071 4.911324 
0.565487 4.934821 
0.596903 4.951425 
0.628319 4.961372 
0.659735 4.964911 
0.691151 4.962292 
0.722566 4.953775 
0.753982 4.939629 
0.785398 4.920124 
0.816814 4.895541 
0.848230 4.866163 
0.879646 4.832280 
0.911062 4.794179 
0.942478 4.752155 
0.973894 4.706496 
1.005310 4.657496 
1.036726 4.605441 
1.068142 4.550617 
1.099558 4.493304 
1.130974 4.433775 
1.162390 4.372301 
1.193806 4.309140 
1.225222 4.244546 
1.256637 4.178762 
1.288053 4.112023 
1.319469 4.044553 
1.350885 3.976567 
1.382301 3.908267 
1.413717 3.839847 
1.445133 3.771488 
1.476549 3.703362 
1.507965 3.635630 
1.539381 3.568439 
1.570797 3.501928 
1.602213 3.436227 
1.633629 3.371453 
1.665045 3.307714 
1.696461 3.245108 
1.727877 3.183726 
1.759292 3.123647 
1.790708 3.064945 
1.822124 3.007684 
1.853540 2.951921 
1.884956 2.897707 
1.916372 2.845083 
1.947788 2.794090 
1.979204 2.744759 
2.010620 2.697117 
2.042036 2.651186 
2.073452 2.606985 
2.104868 2.564528 
2.136284 2.523825 
2.167700 2.484887 
2.199116 2.447717 
2.230531 2.412320 
2.261947 2.378696 
2.293363 2.346848 
2.324779 2.316773 
2.356195 2.288469 
2.387611 2.261935 
2.419027 2.237168 
2.450443 2.214165 
2.481859 2.192925 
2.513275 2.173445 
2.544691 2.155726 
2.576107 2.139767 
2.607523 2.125570 
2.638939 2.113138 
2.670355 2.102475 
2.701771 2.093587 
2.733186 2.086484 
2.764602 2.081175 
2.796018 2.077674 
2.827434 2.075996 
2.858850 2.076159 
2.890266 2.078185 
2.921682 2.082098 
2.953098 2.087925 
2.984514 2.095697 
3.015930 2.105448 
3.047346 2.117218 
3.078762 2.131047 
3.110178 2.146982 
3.141594 2.165073 
3.173010 2.185376 
3.204426 2.207949 
3.235842 2.232859 
3.267257 2.260172 
3.298673 2.289966 
3.330089 2.322319 
3.361505 2.357317 
3.392921 2.395053 
3.424337 2.435624 
3.455753 2.479134 
3.487169 2.525694 
3.518585 2.575421 
3.550001 2.628440 
3.581417 2.684881 
3.612833 2.744885 
3.644249 2.808598 
3.675665 2.876174 
3.707081 2.947775 
3.738497 3.023573 
3.769912 3.103747 
3.801328 3.188483 
3.832744 3.277980 
3.864160 3.372440 
3.895576 3.472080 
3.926992 3.577121 
3.958408 3.687795 
3.989824 3.804344 
4.021240 3.927016 
4.052656 4.056071 
4.084072 4.191775 
4.115488 4.334404 
4.146904 4.484240 
4.178319 4.641574 
4.209735 4.806703 
4.241151 4.979932 
4.272567 5.161570 
4.303983 5.351932 
4.335399 5.551337 
4.366815 5.760107 
4.398231 5.978563 
4.429647 6.207032 
4.461063 6.445835 
4.492479 6.695294 
4.523895 6.955724 
4.555311 7.227436 
4.586727 7.510730 
4.618143 7.805897 
4.649559 8.113216 
4.680974 8.432949 
4.712390 8.765341 
4.743806 9.110615 
4.775222 9.468970 
4.806638 9.840579 
4.838054 10.225581 
4.869470 10.624085 
4.900886 11.036162 
4.932302 11.461843 
4.963718 11.901110 
4.995134 12.353906 
5.026550 12.820114 
5.057966 13.299568 
5.089382 13.792044 
5.120798 14.297252 
5.152214 14.814843 
5.183630 15.344399 
5.215045 15.885433 
5.246461 16.437386 
5.277877 16.999626 
5.309293 17.571444 
5.340709 18.152061 
5.372125 18.740612 
5.403541 19.336163 
5.434957 19.937704 
5.466373 20.544142 
5.497789 21.154325 
5.529205 21.767019 
5.560621 22.380928 
5.592037 22.994688 
5.623453 23.606878 
5.654869 24.216030 
5.686285 24.820618 
5.717700 25.419086 
5.749116 26.009830 
5.780532 26.591230 
5.811948 27.161642 
5.843364 27.719416 
5.874780 28.262903 
5.906196 28.790451 
5.937612 29.300455 
5.969028 29.791304 
6.000444 30.261452 
6.031860 30.709381 
6.063276 31.133648 
6.094692 31.532869 
6.126108 31.905748 
6.157524 32.251057 
6.188940 32.567669 
6.220356 32.854572 
6.251771 33.110847 
6.283187 33.335693 
6.314603 33.528439 
6.346019 33.688526 
6.377435 33.815533 
6.408851 33.909161 
6.440267 33.969265 
6.471683 33.995808 
6.503099 33.988888 
6.534515 33.948757 
6.565931 33.875782 
6.597347 33.770439 
6.628763 33.633358 
6.660179 33.465260 
6.691595 33.266987 
6.723011 33.039474 
6.754426 32.783768 
6.785842 32.500992 
6.817258 32.192348 
6.848674 31.859129 
6.880090 31.502655 
6.911506 31.124334 
6.942922 30.725595 
6.974338 30.307915 
7.005754 29.872791 
7.037170 29.421726 
7.068586 28.956257 
7.100002 28.477898 
7.131418 27.988155 
7.162834 27.488537 
7.194250 26.980516 
7.225666 26.465530 
7.257082 25.944984 
7.288497 25.420256 
7.319913 24.892664 
7.351329 24.363472 
7.382745 23.833900 
7.414161 23.305115 
7.445577 22.778200 
7.476993 22.254210 
7.508409 21.734116 
7.539825 21.218824 
7.571241 20.709187 
7.602657 20.205984 
7.634073 19.709942 
7.665489 19.221714 
7.696905 18.741894 
7.728321 18.271023 
7.759737 17.809570 
7.791152 17.357964 
7.822568 16.916569 
7.853984 16.485701 
7.885400 16.065624 
7.916816 15.656568 
7.948232 15.258700 
7.979648 14.872160 
8.011064 14.497053 
8.042480 14.133430 
8.073895 13.781328 
8.105311 13.440743 
8.136727 13.111656 
8.168143 12.794010 
8.199559 12.487737 
8.230975 12.192742 
8.262391 11.908918 
8.293807 11.636138 
8.325223 11.374268 
8.356639 11.123158 
8.388055 10.882656 
8.419471 10.652595 
8.450887 10.432808 
8.482303 10.223122 
8.513719 10.023364 
8.545135 9.833355 
8.576550 9.652925 
8.607966 9.481899 
8.639382 9.320106 
8.670798 9.167379 
8.702214 9.023560 
8.733630 8.888486 
8.765046 8.762011 
8.796462 8.643991 
8.827878 8.534293 
8.859294 8.432787 
8.890710 8.339355 
8.922126 8.253892 
8.953542 8.176295 
8.984958 8.106481 
9.016374 8.044366 
9.047790 7.989890 
9.079206 7.942995 
9.110621 7.903638 
9.142037 7.871793 
9.173453 7.847438 
9.204869 7.830571 
9.236285 7.821200 
9.267701 7.819347 
9.299117 7.825052 
9.330533 7.838361 
9.361949 7.859344 
9.393365 7.888081 
9.424781 7.924670 
9.456197 7.969220 
9.487613 8.021859 
9.519029 8.082737 
9.550445 8.152016 
9.581861 8.229870 
9.613276 8.316503 
9.644692 8.412127 
9.676108 8.516981 
9.707524 8.631318 
9.738940 8.755412 
9.770356 8.889557 
9.801772 9.034069 
9.833188 9.189284 
9.864604 9.355561 
9.896020 9.533280 
9.927436 9.722844 
9.958852 9.924678 
9.990268 10.139232 
